@relation lymphography-rm_attr_w_10p_missing-rm_inst_w_missing-weka.filters.unsupervised.attribute.Discretize-D-F-B8-M-1.0-Rfirst-last-nominal2binarysplit_minmulti.py-choose_class.py-vmetastases

@0:	lymphatics = normal
@1:	lymphatics = arched
@2:	lymphatics = deformed
@3:	lymphatics = displaced
@4:	block_of_affere = no
@5:	block_of_affere = yes
@6:	bl_of_lymph_c = no
@7:	bl_of_lymph_c = yes
@8:	bl_of_lymph_s = no
@9:	bl_of_lymph_s = yes
@10:	by_pass = no
@11:	by_pass = yes
@12:	extravasates = no
@13:	extravasates = yes
@14:	regeneration_of = no
@15:	regeneration_of = yes
@16:	early_uptake_in = no
@17:	early_uptake_in = yes
@18:	lym_nodes_dimin = \'(-inf-1.5]\'
@19:	lym_nodes_dimin = \'(1.5-inf)\'
@20:	lym_nodes_dimin = \'(-inf-2.5]\'
@21:	lym_nodes_dimin = \'(2.5-inf)\'
@22:	lym_nodes_enlar = \'(-inf-1.5]\'
@23:	lym_nodes_enlar = \'(1.5-inf)\'
@24:	lym_nodes_enlar = \'(-inf-2.5]\'
@25:	lym_nodes_enlar = \'(2.5-inf)\'
@26:	lym_nodes_enlar = \'(-inf-3.5]\'
@27:	lym_nodes_enlar = \'(3.5-inf)\'
@28:	changes_in_lym = bean
@29:	changes_in_lym = oval
@30:	changes_in_lym = round
@31:	defect_in_node = no
@32:	defect_in_node = lacunar
@33:	defect_in_node = lac_margin
@34:	defect_in_node = lac_central
@35:	changes_in_node = no
@36:	changes_in_node = lacunar
@37:	changes_in_node = lac_margin
@38:	changes_in_node = lac_central
@39:	changes_in_stru = no
@40:	changes_in_stru = grainy
@41:	changes_in_stru = drop_like
@42:	changes_in_stru = coarse
@43:	changes_in_stru = diluted
@44:	changes_in_stru = reticular
@45:	changes_in_stru = stripped
@46:	changes_in_stru = faint
@47:	special_forms = no
@48:	special_forms = chalices
@49:	special_forms = vesicles
@50:	dislocation_of = no
@51:	dislocation_of = yes
@52:	exclusion_of_no = no
@53:	exclusion_of_no = yes
@54:	no_of_nodes_in = \'(-inf-1.5]\'
@55:	no_of_nodes_in = \'(1.5-inf)\'
@56:	no_of_nodes_in = \'(-inf-2.5]\'
@57:	no_of_nodes_in = \'(2.5-inf)\'
@58:	no_of_nodes_in = \'(-inf-3.5]\'
@59:	no_of_nodes_in = \'(3.5-inf)\'
@60:	no_of_nodes_in = \'(-inf-4.5]\'
@61:	no_of_nodes_in = \'(4.5-inf)\'
@62:	no_of_nodes_in = \'(-inf-5.5]\'
@63:	no_of_nodes_in = \'(5.5-inf)\'
@64:	no_of_nodes_in = \'(-inf-6.5]\'
@65:	no_of_nodes_in = \'(6.5-inf)\'
@66:	no_of_nodes_in = \'(-inf-7.5]\'
@67:	no_of_nodes_in = \'(7.5-inf)\'
@class:	1='metastases'	 0={'normal','malign_lymph','fibrosis'}
@data

1 5 6 8 10 12 14 17 18 20 23 25 27 30 34 36 45 49 51 53 55 57 59 61 62 64 66 0
3 5 6 8 11 13 14 17 18 20 23 25 26 30 34 36 43 49 51 53 55 57 58 60 62 64 66 0
2 4 6 8 11 13 15 16 19 21 22 24 26 28 32 35 43 49 50 52 55 57 59 61 63 65 66 0
1 4 6 8 10 13 14 17 18 20 23 24 26 29 33 37 41 49 50 53 54 56 58 60 62 64 66 0
1 4 6 8 10 12 14 16 18 20 23 24 26 30 33 37 46 49 50 52 54 56 58 60 62 64 66 1
1 4 6 8 10 12 14 17 18 20 23 24 26 29 34 36 46 49 51 53 55 57 58 60 62 64 66 0
2 4 6 8 10 12 14 16 18 20 23 24 26 29 34 36 46 48 51 53 54 56 58 60 62 64 66 0
2 4 6 8 10 12 14 17 18 20 23 25 27 30 33 38 43 49 51 53 55 57 58 60 62 64 66 0
1 4 6 8 10 12 14 17 18 20 23 25 26 29 34 36 46 49 51 53 55 57 59 60 62 64 66 0
3 4 6 8 10 12 14 17 18 20 23 25 26 29 34 38 46 49 51 53 54 56 58 60 62 64 66 0
1 5 6 8 10 12 14 17 18 20 23 24 26 30 32 37 46 48 50 52 54 56 58 60 62 64 66 1
3 4 6 8 10 12 14 16 19 20 22 24 26 30 34 36 46 47 51 53 54 56 58 60 62 64 66 1
2 4 6 8 10 13 14 17 18 20 23 25 26 30 34 38 42 49 50 53 55 57 59 61 63 64 66 0
2 4 6 8 10 12 14 16 18 20 23 24 26 29 34 37 43 47 51 53 54 56 58 60 62 64 66 1
2 5 7 9 11 13 14 17 18 20 23 24 26 30 33 37 42 49 51 53 55 57 59 61 63 65 66 1
3 5 6 8 11 12 14 17 18 20 23 25 26 30 33 37 40 48 51 53 55 57 58 60 62 64 66 1
3 4 6 8 10 12 14 17 18 20 23 25 27 29 32 38 45 49 51 53 55 57 59 61 63 65 66 0
1 4 6 8 10 12 14 17 18 20 23 25 26 29 32 36 44 49 51 53 55 57 59 61 63 64 66 0
3 4 6 8 10 12 14 17 18 20 23 25 27 29 34 36 46 49 51 53 55 57 59 61 63 64 66 0
2 5 6 8 10 13 14 16 18 20 23 24 26 29 34 37 42 47 51 53 55 56 58 60 62 64 66 1
1 4 6 8 10 12 14 17 18 20 23 25 26 29 34 38 42 49 51 53 55 57 59 61 62 64 66 0
1 5 6 8 10 12 14 17 18 20 23 25 27 30 34 36 46 48 50 53 55 57 59 60 62 64 66 1
2 5 6 8 10 13 14 17 18 20 23 24 26 30 33 37 40 48 51 53 55 57 58 60 62 64 66 1
3 4 6 8 10 12 14 17 18 20 23 24 26 29 33 37 41 49 51 52 54 56 58 60 62 64 66 0
1 4 6 8 10 13 14 17 18 20 23 25 26 29 32 36 42 49 50 53 55 57 59 61 62 64 66 0
1 5 6 8 10 13 14 17 18 20 23 25 26 30 33 37 46 49 51 53 55 57 59 60 62 64 66 0
1 4 6 8 10 12 14 16 18 20 22 24 26 28 32 36 41 47 51 53 54 56 58 60 62 64 66 1
1 5 6 8 10 12 14 17 18 20 23 25 26 29 32 36 46 49 50 53 55 57 59 61 62 64 66 0
3 5 6 8 10 12 14 17 18 20 23 24 26 29 32 37 41 48 51 53 54 56 58 60 62 64 66 1
2 4 6 8 10 13 14 17 18 20 23 25 27 29 34 38 40 49 51 53 55 57 58 60 62 64 66 0
1 4 6 8 10 13 14 16 18 20 23 24 26 29 32 36 41 47 50 52 54 56 58 60 62 64 66 0
3 4 6 8 11 13 14 17 18 20 23 25 26 30 33 38 43 49 51 53 55 57 59 60 62 64 66 0
1 5 7 8 11 13 14 17 18 20 23 25 26 29 34 37 43 47 51 53 55 57 58 60 62 64 66 1
2 5 6 8 10 12 14 17 18 20 23 24 26 30 33 37 46 48 51 53 54 56 58 60 62 64 66 1
1 5 7 8 11 13 14 16 18 20 23 24 26 29 33 37 42 48 50 53 54 56 58 60 62 64 66 1
2 5 7 9 11 13 15 16 19 20 23 24 26 29 34 36 42 49 51 53 55 57 59 61 63 65 66 0
3 4 6 8 10 13 14 17 18 20 23 25 26 30 34 36 42 49 51 53 55 57 59 60 62 64 66 0
1 4 6 8 10 13 14 17 18 20 23 25 26 30 32 36 42 49 51 53 55 57 59 61 63 64 66 0
1 5 7 8 10 13 14 16 18 20 23 24 26 30 32 37 41 48 50 52 54 56 58 60 62 64 66 1
1 5 6 8 11 13 14 16 18 20 23 25 26 30 34 37 42 49 50 52 54 56 58 60 62 64 66 1
1 4 6 8 10 12 14 16 18 20 22 24 26 28 31 35 41 47 51 53 54 56 58 60 62 64 66 1
1 4 6 8 10 12 14 17 18 20 23 24 26 29 32 35 45 47 51 53 55 56 58 60 62 64 66 0
1 5 6 8 10 13 14 17 18 20 23 24 26 30 33 37 43 49 51 53 55 56 58 60 62 64 66 1
3 4 6 8 10 13 14 17 18 20 23 25 27 30 34 36 43 49 51 53 55 56 58 60 62 64 66 0
2 5 7 8 10 13 14 16 18 20 23 24 26 30 33 37 43 48 50 53 55 56 58 60 62 64 66 1
3 5 7 8 10 13 14 17 18 20 23 24 26 29 33 37 46 49 51 53 55 56 58 60 62 64 66 1
2 5 6 8 11 13 14 17 18 20 23 25 26 30 32 37 42 48 51 53 55 56 58 60 62 64 66 1
1 5 7 8 11 13 14 17 18 20 23 25 26 30 34 37 42 49 51 53 55 57 59 61 63 64 66 1
3 5 7 8 11 13 14 17 18 20 23 25 26 30 34 37 46 48 51 53 55 57 58 60 62 64 66 1
3 5 6 8 10 12 14 17 18 20 23 24 26 29 32 38 46 47 50 53 55 56 58 60 62 64 66 0
2 4 6 8 10 12 14 17 18 20 23 25 26 29 32 36 46 47 50 52 54 56 58 60 62 64 66 1
2 4 6 8 10 12 14 17 19 20 22 24 26 29 32 36 46 49 50 53 55 57 59 61 63 65 67 0
2 5 7 8 11 13 14 16 18 20 23 25 26 30 34 37 42 48 51 53 55 57 58 60 62 64 66 1
2 4 6 8 11 13 15 16 19 21 22 24 26 28 34 36 43 49 50 53 55 57 59 60 62 64 66 0
1 5 6 8 10 12 14 17 18 20 23 25 26 30 33 37 41 48 50 53 54 56 58 60 62 64 66 1
2 4 6 8 10 12 14 17 18 20 23 24 26 29 32 37 40 47 51 53 54 56 58 60 62 64 66 1
2 5 6 8 10 13 14 17 18 20 23 25 26 29 34 37 42 48 51 53 55 56 58 60 62 64 66 1
1 4 6 8 10 12 14 17 18 20 23 25 26 30 33 37 44 49 50 53 55 57 59 60 62 64 66 1
1 4 6 8 10 12 14 16 18 20 23 24 26 30 32 36 46 47 51 52 54 56 58 60 62 64 66 1
2 5 6 8 10 13 14 17 18 20 23 24 26 29 32 36 39 49 50 52 54 56 58 60 62 64 66 1
1 5 6 8 10 13 14 17 18 20 23 24 26 30 33 37 43 49 51 53 54 56 58 60 62 64 66 1
1 5 6 8 10 13 14 17 18 20 23 24 26 29 33 37 42 48 50 53 54 56 58 60 62 64 66 1
2 5 7 9 11 13 15 17 18 20 23 25 27 30 33 38 46 49 51 53 55 57 59 61 63 65 66 0
2 5 7 8 11 13 14 17 18 20 23 25 26 29 32 37 42 47 51 53 54 56 58 60 62 64 66 1
1 4 6 8 10 12 14 17 18 20 23 24 26 29 32 36 42 47 51 52 55 56 58 60 62 64 66 1
3 5 6 8 10 13 14 16 18 20 23 24 26 29 33 37 43 48 50 53 54 56 58 60 62 64 66 1
1 5 6 8 10 12 14 17 18 20 23 25 26 30 33 37 40 48 51 52 54 56 58 60 62 64 66 1
1 5 6 8 10 12 14 17 18 20 23 24 26 29 33 37 40 49 51 53 55 56 58 60 62 64 66 1
2 4 6 8 11 12 14 17 18 20 23 24 26 30 33 37 43 49 50 52 54 56 58 60 62 64 66 1
2 4 6 8 10 13 14 16 18 20 23 25 26 29 33 37 46 49 51 53 55 56 58 60 62 64 66 0
3 5 6 8 11 13 14 17 18 20 23 25 27 30 34 37 42 48 51 53 55 56 58 60 62 64 66 1
3 5 6 8 10 12 14 17 18 20 23 24 26 29 32 36 41 48 50 52 54 56 58 60 62 64 66 1
1 4 6 8 10 12 14 17 18 20 23 24 26 29 34 36 40 47 51 53 54 56 58 60 62 64 66 1
2 5 7 9 11 13 15 17 19 21 22 24 26 28 32 36 46 47 51 53 55 57 59 60 62 64 66 0
3 5 6 8 10 13 14 17 18 20 23 25 27 30 33 37 45 49 51 53 55 57 58 60 62 64 66 0
2 5 7 8 10 13 14 16 18 20 23 25 26 29 33 37 42 49 50 53 55 56 58 60 62 64 66 1
1 4 6 8 10 12 14 17 18 20 23 24 26 29 34 38 46 48 50 53 55 56 58 60 62 64 66 0
3 5 6 8 10 13 14 16 18 20 23 24 26 30 32 37 40 48 50 52 54 56 58 60 62 64 66 1
1 5 7 8 11 13 15 17 18 20 23 25 26 30 34 38 43 49 51 53 55 57 59 61 62 64 66 0
2 4 6 8 10 12 14 17 18 20 23 24 26 29 34 38 40 49 51 52 54 56 58 60 62 64 66 0
1 5 6 8 10 13 14 17 18 20 23 24 26 29 34 38 43 49 51 53 54 56 58 60 62 64 66 1
1 4 6 8 10 13 14 17 18 20 23 24 26 29 32 36 46 48 50 53 55 56 58 60 62 64 66 0
1 5 7 8 10 12 14 17 18 20 23 24 26 29 34 37 46 48 51 53 55 56 58 60 62 64 66 1
1 4 6 8 10 12 14 16 18 20 23 24 26 29 32 37 46 48 50 53 54 56 58 60 62 64 66 1
1 5 6 8 10 12 14 16 18 20 23 24 26 30 33 37 40 48 51 53 54 56 58 60 62 64 66 1
3 4 6 8 10 12 14 17 18 20 23 25 26 29 32 38 41 48 51 52 54 56 58 60 62 64 66 0
2 5 6 8 11 13 14 16 18 20 23 24 26 29 34 37 40 47 51 53 55 57 58 60 62 64 66 1
1 5 6 8 10 13 14 17 18 20 23 25 27 30 34 38 46 49 51 53 55 57 59 61 63 65 66 0
2 5 6 8 10 13 14 17 18 20 23 24 26 29 32 38 46 49 50 53 55 57 58 60 62 64 66 0
1 5 6 8 10 13 14 17 18 20 23 24 26 30 32 36 42 48 50 52 55 56 58 60 62 64 66 1
1 5 7 8 11 13 15 17 18 20 23 25 27 29 32 36 42 49 51 53 55 57 59 61 63 64 66 0
3 5 6 8 11 13 14 16 18 20 22 24 26 30 33 37 41 49 51 53 55 57 58 60 62 64 66 1
1 4 6 8 10 12 14 17 18 20 23 24 26 29 32 36 46 48 51 53 54 56 58 60 62 64 66 0
1 4 6 8 10 12 14 17 18 20 23 25 27 30 34 38 43 49 51 53 55 57 59 61 62 64 66 0
1 4 6 8 10 12 14 17 18 20 23 25 26 29 33 37 46 49 51 53 55 57 58 60 62 64 66 0
2 4 6 8 10 13 14 17 18 20 23 25 27 29 32 36 42 49 51 53 55 57 59 61 63 65 66 0
1 4 6 8 10 12 14 17 18 20 23 24 26 29 33 37 43 49 50 52 55 56 58 60 62 64 66 0
1 5 6 8 10 13 14 17 18 20 23 25 26 30 33 38 46 49 51 53 55 56 58 60 62 64 66 0
3 4 6 8 10 13 14 17 18 20 23 25 27 29 32 38 45 49 51 53 55 56 58 60 62 64 66 0
2 5 6 8 10 13 14 16 18 20 23 24 26 30 34 36 42 47 50 52 54 56 58 60 62 64 66 1
1 4 6 8 10 13 14 17 18 20 23 24 26 29 32 38 46 47 51 53 55 56 58 60 62 64 66 0
3 5 7 9 11 13 15 17 18 20 23 25 27 30 34 38 45 49 51 53 55 57 59 61 63 65 67 0
3 5 6 8 10 13 14 16 18 20 23 25 26 30 34 37 46 49 51 53 55 56 58 60 62 64 66 1
3 5 7 8 11 13 14 17 18 20 22 24 26 29 32 35 41 47 51 53 55 56 58 60 62 64 66 0
2 4 6 8 10 13 14 17 18 20 23 24 26 29 34 37 46 48 51 53 54 56 58 60 62 64 66 0
2 4 6 8 10 12 14 17 18 20 23 24 26 29 34 36 42 49 51 53 55 57 58 60 62 64 66 0
3 5 7 8 10 12 14 17 18 20 23 24 26 29 32 37 41 48 51 53 55 56 58 60 62 64 66 1
2 5 6 8 10 12 14 16 18 20 23 24 26 29 33 37 43 47 50 52 54 56 58 60 62 64 66 1
0 4 6 8 10 13 14 17 18 20 23 24 26 29 31 35 40 47 50 52 55 56 58 60 62 64 66 0
1 5 6 8 10 13 14 17 18 20 23 25 26 30 34 36 46 49 51 53 55 56 58 60 62 64 66 0
1 5 6 8 11 13 14 16 18 20 23 24 26 29 34 36 46 49 51 53 54 56 58 60 62 64 66 1
2 4 6 8 10 12 15 16 18 20 23 24 26 29 34 37 43 48 50 53 54 56 58 60 62 64 66 1
1 5 7 8 11 13 14 17 18 20 23 25 26 30 33 37 46 49 51 53 55 56 58 60 62 64 66 1
3 4 6 8 11 12 15 17 18 20 23 25 26 29 33 38 43 49 51 53 55 57 59 61 63 65 66 0
1 5 6 8 10 12 14 17 18 20 23 24 26 30 33 37 43 48 50 53 54 56 58 60 62 64 66 1
2 5 7 8 11 13 14 17 18 20 23 24 26 30 33 38 40 48 51 52 54 56 58 60 62 64 66 1
1 5 6 8 10 12 14 16 18 20 23 24 26 29 33 37 43 48 51 53 54 56 58 60 62 64 66 1
2 5 6 8 10 12 14 16 18 20 23 24 26 29 33 37 41 49 50 52 55 56 58 60 62 64 66 1
1 5 6 8 10 12 14 17 18 20 23 24 26 30 33 37 43 49 50 53 54 56 58 60 62 64 66 1
1 5 7 9 11 13 14 16 18 20 23 24 26 29 34 37 46 48 51 53 55 57 58 60 62 64 66 1
1 4 6 8 10 12 14 17 18 20 23 25 26 29 32 36 46 49 51 53 55 57 59 61 62 64 66 0
0 4 6 8 10 12 14 16 18 20 22 24 26 28 31 35 39 47 50 52 54 56 58 60 62 64 66 0
1 5 6 8 10 12 14 16 18 20 22 24 26 29 32 37 41 47 50 52 54 56 58 60 62 64 66 1
2 5 6 8 10 12 14 17 18 20 23 24 26 30 33 37 43 48 51 52 54 56 58 60 62 64 66 1
3 5 6 8 11 13 14 17 18 20 23 25 26 30 34 37 42 49 51 53 55 56 58 60 62 64 66 1
3 5 6 8 10 12 14 16 18 20 23 25 27 30 33 37 42 48 51 52 54 56 58 60 62 64 66 1
3 4 6 8 10 13 14 17 18 20 23 25 27 30 34 37 41 49 51 53 55 57 59 61 62 64 66 0
1 4 6 8 10 12 14 16 18 20 23 24 26 30 32 37 41 48 51 52 54 56 58 60 62 64 66 0
2 4 6 8 10 12 14 16 18 20 23 24 26 29 32 36 43 47 50 53 55 56 58 60 62 64 66 0
1 5 6 8 10 12 14 17 18 20 23 24 26 29 32 37 46 49 50 53 54 56 58 60 62 64 66 1
2 5 6 8 10 12 14 17 18 20 23 24 26 29 32 36 43 47 50 52 54 56 58 60 62 64 66 1
2 4 6 8 10 12 14 16 18 20 23 24 26 30 33 37 42 49 50 53 55 56 58 60 62 64 66 1
1 4 6 8 10 12 14 16 18 20 23 24 26 29 32 36 46 47 50 52 54 56 58 60 62 64 66 1
1 4 6 8 10 13 14 17 18 20 23 25 26 30 34 36 46 49 51 53 55 57 58 60 62 64 66 0
1 4 6 8 10 12 14 16 18 20 22 24 26 29 32 37 41 47 51 53 54 56 58 60 62 64 66 1
1 5 6 8 10 12 14 16 18 20 23 24 26 30 33 37 41 49 50 53 54 56 58 60 62 64 66 1
1 5 6 8 10 13 14 16 18 20 23 24 26 29 32 37 43 48 50 53 55 56 58 60 62 64 66 1
3 5 7 9 11 13 14 17 18 20 23 25 27 30 34 38 45 49 51 53 55 57 59 61 63 64 66 0
3 5 6 8 11 13 14 17 18 20 23 24 26 30 32 37 40 49 51 53 55 57 59 60 62 64 66 1
2 5 6 8 10 13 14 17 18 20 23 25 26 30 33 37 42 49 51 53 54 56 58 60 62 64 66 1
2 5 7 8 11 12 14 17 18 20 23 24 26 29 33 37 46 49 50 53 54 56 58 60 62 64 66 1
1 4 6 8 10 12 14 17 18 20 23 25 26 30 32 37 42 49 51 53 55 56 58 60 62 64 66 0
1 5 7 8 11 13 14 17 18 20 23 25 26 30 33 37 46 49 50 53 55 56 58 60 62 64 66 1
3 4 6 8 10 12 14 17 18 20 23 25 26 30 32 36 42 48 51 53 55 56 58 60 62 64 66 1
2 4 6 8 10 13 14 17 18 20 23 25 27 30 34 36 42 49 51 53 55 57 59 61 63 64 66 0
2 5 6 8 11 13 14 17 18 20 23 24 26 29 34 37 43 48 51 53 55 57 59 60 62 64 66 0
2 5 6 8 10 12 14 17 18 20 23 25 26 29 32 38 46 49 51 53 55 57 58 60 62 64 66 0
1 4 6 8 10 12 14 16 18 20 22 24 26 29 34 37 46 48 51 53 55 56 58 60 62 64 66 1
