@relation hepatitis-rm_attr_w_10p_missing-rm_inst_w_missing-weka.filters.unsupervised.attribute.Discretize-D-F-B8-M-1.0-Rfirst-last-nominal2binarysplit_minmulti.py-choose_class.py-vLIVE

@0:	age = \'(-inf-27.5]\'
@1:	age = \'(27.5-inf)\'
@2:	age = \'(-inf-32.5]\'
@3:	age = \'(32.5-inf)\'
@4:	age = \'(-inf-36.5]\'
@5:	age = \'(36.5-inf)\'
@6:	age = \'(-inf-39.5]\'
@7:	age = \'(39.5-inf)\'
@8:	age = \'(-inf-44.5]\'
@9:	age = \'(44.5-inf)\'
@10:	age = \'(-inf-49.5]\'
@11:	age = \'(49.5-inf)\'
@12:	age = \'(-inf-55]\'
@13:	age = \'(55-inf)\'
@14:	sex = male
@15:	sex = female
@16:	steroid = no
@17:	steroid = yes
@18:	antivirals = no
@19:	antivirals = yes
@20:	fatigue = no
@21:	fatigue = yes
@22:	malaise = no
@23:	malaise = yes
@24:	anorexia = no
@25:	anorexia = yes
@26:	liver_big = no
@27:	liver_big = yes
@28:	liver_firm = no
@29:	liver_firm = yes
@30:	spleen_palpable = no
@31:	spleen_palpable = yes
@32:	spiders = no
@33:	spiders = yes
@34:	ascites = no
@35:	ascites = yes
@36:	varices = no
@37:	varices = yes
@38:	bilirubin = \'(-inf-0.65]\'
@39:	bilirubin = \'(0.65-inf)\'
@40:	bilirubin = \'(-inf-0.75]\'
@41:	bilirubin = \'(0.75-inf)\'
@42:	bilirubin = \'(-inf-0.95]\'
@43:	bilirubin = \'(0.95-inf)\'
@44:	bilirubin = \'(-inf-1.05]\'
@45:	bilirubin = \'(1.05-inf)\'
@46:	bilirubin = \'(-inf-1.35]\'
@47:	bilirubin = \'(1.35-inf)\'
@48:	bilirubin = \'(-inf-1.85]\'
@49:	bilirubin = \'(1.85-inf)\'
@50:	bilirubin = \'(-inf-2.85]\'
@51:	bilirubin = \'(2.85-inf)\'
@52:	sgot = \'(-inf-23.5]\'
@53:	sgot = \'(23.5-inf)\'
@54:	sgot = \'(-inf-31.5]\'
@55:	sgot = \'(31.5-inf)\'
@56:	sgot = \'(-inf-45.5]\'
@57:	sgot = \'(45.5-inf)\'
@58:	sgot = \'(-inf-56.5]\'
@59:	sgot = \'(56.5-inf)\'
@60:	sgot = \'(-inf-69.5]\'
@61:	sgot = \'(69.5-inf)\'
@62:	sgot = \'(-inf-105.5]\'
@63:	sgot = \'(105.5-inf)\'
@64:	sgot = \'(-inf-161.5]\'
@65:	sgot = \'(161.5-inf)\'
@66:	histology = no
@67:	histology = yes
@class:	1='LIVE'	 0={'DIE'}
@data

1 2 4 6 8 10 12 14 16 18 20 22 24 26 28 30 32 34 36 39 41 43 44 46 48 50 52 54 56 58 60 62 64 66 1
1 3 5 7 9 11 12 15 16 18 21 22 24 26 28 30 32 34 36 39 41 42 44 46 48 50 53 55 56 58 60 62 64 66 1
1 3 5 7 9 11 13 15 17 18 21 22 24 27 28 30 32 34 36 39 40 42 44 46 48 50 53 55 56 58 60 62 64 66 1
1 3 4 6 8 10 12 15 17 18 20 22 24 27 28 30 32 34 36 39 41 43 44 46 48 50 53 55 57 59 61 63 65 66 1
1 3 4 6 8 10 12 15 17 18 20 22 24 27 28 30 32 34 36 39 41 42 44 46 48 50 53 54 56 58 60 62 64 66 1
1 3 5 6 8 10 12 15 17 18 21 22 24 27 29 30 32 34 36 39 40 42 44 46 48 50 53 55 57 58 60 62 64 66 1
1 2 4 6 8 10 12 15 17 18 20 22 24 27 28 30 32 34 36 39 41 43 44 46 48 50 53 55 57 59 61 63 64 66 1
1 3 5 6 8 10 12 15 16 19 20 22 24 26 29 30 32 34 36 39 41 43 45 46 48 50 53 54 56 58 60 62 64 66 1
1 2 4 6 8 10 12 15 17 19 21 22 24 27 29 30 33 34 36 39 41 43 44 46 48 50 53 55 57 59 61 63 65 66 1
1 3 5 7 8 10 12 15 17 19 21 22 24 27 29 30 32 34 36 39 41 42 44 46 48 50 53 55 57 59 60 62 64 66 1
1 2 4 6 8 10 12 15 17 18 21 22 24 27 29 30 32 34 36 39 41 43 45 47 49 50 53 55 57 59 61 63 64 66 1
1 3 5 6 8 10 12 15 16 18 21 23 25 27 28 30 32 35 36 39 41 43 45 47 49 50 53 55 57 59 61 62 64 66 1
1 3 5 7 9 11 13 15 17 18 21 22 24 27 28 30 32 34 36 39 41 43 45 46 48 50 53 55 57 58 60 62 64 66 1
1 3 5 7 8 10 12 15 16 18 21 22 24 27 29 30 32 34 36 38 40 42 44 46 48 50 53 55 57 59 61 63 65 66 1
1 3 5 6 8 10 12 15 17 18 20 22 24 27 28 30 32 34 36 39 40 42 44 46 48 50 53 55 56 58 60 62 64 67 1
1 3 5 6 8 10 12 15 16 19 20 22 24 26 29 30 32 34 36 39 40 42 44 46 48 50 53 54 56 58 60 62 64 66 1
0 2 4 6 8 10 12 14 17 19 21 22 24 27 28 30 32 34 36 39 41 42 44 46 48 50 52 54 56 58 60 62 64 66 1
0 2 4 6 8 10 12 15 17 18 21 23 25 26 29 31 33 34 36 39 41 43 45 46 48 50 53 55 57 59 61 62 64 66 1
1 2 4 6 8 10 12 15 17 18 20 22 24 27 28 30 32 34 36 39 41 43 44 46 48 50 52 54 56 58 60 62 64 66 1
1 3 5 7 8 10 12 15 17 18 20 22 24 27 28 30 32 34 36 39 41 42 44 46 48 50 53 55 57 59 60 62 64 66 1
0 2 4 6 8 10 12 14 16 19 20 22 24 27 28 30 32 34 36 38 40 42 44 46 48 50 52 54 56 58 60 62 64 66 1
0 2 4 6 8 10 12 15 16 18 21 23 24 27 28 30 32 34 36 39 41 42 44 46 48 50 53 55 57 58 60 62 64 66 1
1 3 5 7 9 10 12 15 16 19 21 23 25 27 29 30 33 34 36 38 40 42 44 46 48 50 53 55 57 58 60 62 64 66 1
1 3 5 7 9 11 13 14 17 18 21 22 24 27 29 30 33 34 36 39 41 43 45 47 48 50 53 55 57 58 60 62 64 66 1
1 3 5 7 9 11 13 15 16 18 21 22 24 26 29 30 32 34 36 39 41 43 45 46 48 50 53 54 56 58 60 62 64 66 1
1 3 5 7 9 11 12 15 16 19 21 23 24 27 28 30 32 34 36 39 41 43 44 46 48 50 53 55 57 59 60 62 64 66 1
1 3 5 6 8 10 12 15 16 19 21 23 24 27 29 30 32 34 36 39 41 43 45 47 49 50 53 55 57 59 61 62 64 66 0
1 3 5 7 8 10 12 14 17 19 21 23 25 27 28 30 32 34 36 39 40 42 44 46 48 50 53 55 57 58 60 62 64 66 1
0 2 4 6 8 10 12 14 16 18 20 22 24 27 29 30 32 34 36 38 40 42 44 46 48 50 53 54 56 58 60 62 64 66 1
1 3 4 6 8 10 12 15 17 18 21 22 24 27 28 30 32 34 36 39 41 42 44 46 48 50 53 55 57 59 61 62 64 66 1
1 3 5 6 8 10 12 15 17 18 21 22 24 27 28 30 33 34 36 38 40 42 44 46 48 50 53 54 56 58 60 62 64 66 0
0 2 4 6 8 10 12 15 17 18 21 23 25 27 28 31 32 34 36 39 41 43 45 46 48 50 53 55 57 59 61 63 64 66 1
0 2 4 6 8 10 12 14 16 18 21 23 25 26 29 31 33 34 36 39 41 43 45 47 49 50 53 55 57 59 60 62 64 66 1
1 3 5 7 8 10 12 15 16 18 20 22 24 27 28 30 32 34 36 39 41 43 44 46 48 50 52 54 56 58 60 62 64 66 1
1 3 5 7 9 11 13 15 17 18 21 23 24 27 29 31 33 35 36 38 40 42 44 46 48 50 53 55 57 58 60 62 64 67 1
1 3 5 7 9 11 12 15 16 19 20 22 24 27 28 30 32 34 36 39 40 42 44 46 48 50 53 55 57 58 60 62 64 66 1
1 3 4 6 8 10 12 15 17 18 20 22 24 27 28 30 32 34 36 39 41 43 44 46 48 50 53 55 57 59 61 62 64 66 1
1 3 5 7 9 11 13 15 16 18 21 22 24 27 28 30 32 34 36 39 40 42 44 46 48 50 52 54 56 58 60 62 64 66 1
1 2 4 6 8 10 12 15 17 18 21 23 24 27 28 30 32 34 36 39 40 42 44 46 48 50 53 55 57 59 61 63 64 66 1
1 3 5 6 8 10 12 15 16 18 20 22 24 27 29 30 33 34 36 38 40 42 44 46 48 50 53 55 57 59 61 62 64 66 1
1 2 4 6 8 10 12 14 17 18 21 23 24 27 29 30 32 34 36 39 41 43 45 47 48 50 53 55 57 59 61 63 65 66 1
1 3 4 6 8 10 12 15 16 18 20 22 24 27 28 31 32 34 36 39 41 42 44 46 48 50 53 55 56 58 60 62 64 66 1
1 3 5 6 8 10 12 15 17 19 21 23 25 27 28 30 33 34 36 39 40 42 44 46 48 50 53 55 57 59 60 62 64 66 1
1 3 5 6 8 10 12 15 16 18 20 22 24 27 28 30 32 34 36 39 41 42 44 46 48 50 53 55 57 59 60 62 64 66 1
1 3 5 6 8 10 12 15 17 18 20 22 24 27 28 30 32 34 36 39 41 43 44 46 48 50 52 54 56 58 60 62 64 66 1
1 3 5 7 8 10 12 15 17 18 20 22 24 27 28 30 32 34 36 38 40 42 44 46 48 50 53 55 57 59 61 63 64 66 1
1 3 5 7 8 10 12 15 17 19 21 22 24 27 29 31 32 34 36 39 41 43 45 46 48 50 53 54 56 58 60 62 64 66 1
1 2 4 6 8 10 12 15 17 18 21 22 24 27 28 30 32 34 36 39 40 42 44 46 48 50 53 55 57 59 61 62 64 66 1
1 3 5 6 8 10 12 15 16 18 21 23 25 27 28 30 32 34 36 39 41 42 44 46 48 50 53 55 57 59 60 62 64 66 1
1 2 4 6 8 10 12 15 17 19 20 22 24 27 28 30 32 34 36 39 40 42 44 46 48 50 53 55 56 58 60 62 64 66 1
1 3 5 7 9 11 13 15 17 19 21 23 24 26 29 30 32 34 36 39 41 43 44 46 48 50 53 55 56 58 60 62 64 66 1
1 3 5 7 9 10 12 14 16 18 21 23 24 27 28 31 32 34 36 39 41 43 44 46 48 50 53 55 57 59 61 62 64 66 1
1 3 5 6 8 10 12 15 17 18 20 22 24 27 28 30 32 34 36 39 40 42 44 46 48 50 53 55 57 59 60 62 64 66 1
1 2 4 6 8 10 12 15 17 18 20 22 24 27 28 30 32 34 36 39 40 42 44 46 48 50 53 55 57 59 60 62 64 66 1
1 2 4 6 8 10 12 15 17 18 21 23 25 27 28 30 33 34 37 39 41 43 45 47 49 51 53 55 57 58 60 62 64 66 1
1 3 4 6 8 10 12 15 16 18 20 22 24 26 29 31 32 34 36 39 40 42 44 46 48 50 53 55 56 58 60 62 64 66 1
1 3 5 7 9 10 12 15 17 18 21 23 24 27 28 30 32 34 36 39 41 42 44 46 48 50 53 55 56 58 60 62 64 66 1
0 2 4 6 8 10 12 15 17 18 20 22 24 27 28 30 32 34 36 39 41 42 44 46 48 50 53 55 56 58 60 62 64 66 1
1 3 5 7 9 11 13 15 16 18 20 22 24 27 28 30 32 34 36 39 40 42 44 46 48 50 53 55 56 58 60 62 64 66 1
1 3 5 7 9 11 13 15 17 18 21 23 25 27 28 30 33 35 36 39 41 43 45 47 49 51 53 55 57 58 60 62 64 66 0
1 3 5 6 8 10 12 15 17 18 21 22 24 27 28 30 32 34 36 39 41 43 44 46 48 50 52 54 56 58 60 62 64 66 1
1 3 5 7 8 10 12 15 16 18 21 23 24 27 28 30 32 34 36 39 41 43 45 47 48 50 53 55 57 59 60 62 64 66 1
0 2 4 6 8 10 12 15 17 18 20 22 24 27 28 30 32 34 36 39 41 42 44 46 48 50 53 55 56 58 60 62 64 66 1
1 3 4 6 8 10 12 15 16 18 21 23 24 26 29 30 33 34 36 39 41 43 45 47 49 50 53 55 57 59 61 63 65 66 0
1 3 4 6 8 10 12 15 16 18 21 23 25 27 29 30 32 34 36 39 41 43 44 46 48 50 53 55 56 58 60 62 64 66 1
1 3 5 7 9 11 12 15 17 18 20 22 24 27 28 30 32 34 36 39 41 43 45 47 48 50 53 55 57 59 61 62 64 66 1
1 2 4 6 8 10 12 15 16 19 21 23 24 27 28 30 32 34 36 39 41 43 44 46 48 50 53 55 56 58 60 62 64 66 1
1 3 5 7 9 11 13 15 17 18 21 22 24 26 29 31 33 34 36 39 41 43 45 47 49 50 53 55 57 59 61 63 65 66 0
1 3 4 6 8 10 12 14 16 19 20 22 24 27 29 30 32 34 36 38 40 42 44 46 48 50 53 54 56 58 60 62 64 66 1
1 3 4 6 8 10 12 15 16 18 21 22 24 26 29 30 33 34 36 39 41 43 44 46 48 50 53 55 57 58 60 62 64 66 1
1 2 4 6 8 10 12 15 17 18 20 22 24 27 28 30 32 34 36 39 40 42 44 46 48 50 53 54 56 58 60 62 64 66 1
0 2 4 6 8 10 12 15 17 18 21 23 25 27 28 30 32 34 36 39 41 42 44 46 48 50 52 54 56 58 60 62 64 66 1
1 3 4 6 8 10 12 15 17 18 20 22 24 27 28 30 32 34 36 39 40 42 44 46 48 50 53 55 57 59 61 63 65 66 1
1 2 4 6 8 10 12 15 16 18 20 22 24 27 28 30 32 34 36 39 40 42 44 46 48 50 53 54 56 58 60 62 64 66 1
1 3 5 7 9 11 13 14 17 18 21 23 24 27 29 30 33 34 36 39 41 43 45 46 48 50 53 55 57 59 61 63 64 66 1
1 2 4 6 8 10 12 15 16 18 21 23 25 27 29 30 32 34 36 39 41 43 45 47 48 50 53 55 57 59 61 63 64 66 1
1 3 5 7 8 10 12 15 16 18 21 23 24 27 28 31 32 34 37 39 41 42 44 46 48 50 53 55 57 58 60 62 64 67 0
1 2 4 6 8 10 12 15 17 18 21 23 25 27 29 30 33 35 37 39 41 43 45 47 49 50 53 55 57 59 60 62 64 67 0
1 3 5 6 8 10 12 15 16 18 21 23 25 27 29 30 33 35 37 39 41 43 45 46 48 50 52 54 56 58 60 62 64 67 0
1 3 5 6 8 10 12 15 16 18 21 23 25 26 29 30 32 34 36 38 40 42 44 46 48 50 52 54 56 58 60 62 64 67 1
1 3 5 7 9 11 12 14 16 18 21 22 24 26 29 31 33 34 36 39 41 42 44 46 48 50 53 55 57 59 61 63 64 67 1
1 3 5 7 8 10 12 15 16 18 21 23 25 27 28 31 33 34 37 39 41 43 45 47 49 51 53 55 57 58 60 62 64 67 0
1 3 5 7 9 11 12 15 16 18 20 22 24 27 28 30 32 34 36 39 41 43 45 47 48 50 53 55 57 59 60 62 64 67 1
1 3 5 7 9 11 13 15 16 18 21 23 24 27 29 31 33 34 36 39 41 43 45 47 48 50 53 55 57 59 61 63 64 67 0
1 3 5 7 8 10 12 15 16 19 21 23 25 26 29 30 32 34 36 38 40 42 44 46 48 50 53 55 57 59 60 62 64 67 1
1 2 4 6 8 10 12 15 16 18 21 23 24 27 29 30 33 34 36 39 41 42 44 46 48 50 53 55 57 59 61 63 64 67 1
1 3 5 7 8 10 12 15 16 18 21 23 24 26 29 30 33 34 36 39 41 43 45 47 49 51 53 55 57 59 60 62 64 67 1
1 3 5 7 9 10 12 15 17 18 20 22 24 27 28 30 33 34 37 39 41 43 45 47 49 50 52 54 56 58 60 62 64 67 0
1 3 5 7 9 10 12 15 16 18 21 23 24 27 29 30 33 35 37 39 41 43 45 47 49 51 53 55 57 59 61 63 64 67 0
0 2 4 6 8 10 12 15 17 18 20 22 24 27 28 30 32 34 36 39 40 42 44 46 48 50 53 54 56 58 60 62 64 67 1
0 2 4 6 8 10 12 15 16 18 21 22 24 27 29 30 32 34 36 39 41 43 45 47 49 50 53 55 57 59 61 63 65 67 1
1 3 5 7 9 11 12 15 16 18 21 23 25 27 29 31 33 34 37 39 41 43 45 47 49 51 53 55 57 59 61 63 65 67 1
1 3 5 7 9 10 12 15 17 18 21 23 24 27 29 30 32 35 37 39 41 43 45 47 48 50 52 54 56 58 60 62 64 67 0
0 2 4 6 8 10 12 15 17 18 20 22 24 27 28 30 32 34 36 38 40 42 44 46 48 50 53 55 56 58 60 62 64 67 1
1 3 5 7 9 10 12 15 16 18 21 23 25 27 28 30 32 34 36 39 41 43 45 47 49 50 53 55 57 59 61 63 65 67 1
1 3 5 7 9 11 12 15 16 19 20 22 24 26 29 30 32 34 36 39 41 43 44 46 48 50 53 55 57 59 61 63 65 67 1
1 3 4 6 8 10 12 15 16 18 21 23 24 27 28 30 32 35 36 39 40 42 44 46 48 50 53 55 57 59 61 62 64 67 0
0 2 4 6 8 10 12 15 17 18 20 22 24 27 29 31 32 34 36 39 40 42 44 46 48 50 53 54 56 58 60 62 64 67 1
1 3 5 7 8 10 12 15 16 19 21 23 24 27 28 30 33 34 36 38 40 42 44 46 48 50 53 55 57 59 60 62 64 67 0
1 3 5 7 9 11 12 15 16 18 21 22 24 27 28 30 32 34 36 39 41 43 44 46 48 50 53 54 56 58 60 62 64 67 1
1 3 5 7 9 10 12 15 16 18 21 22 24 27 29 31 32 34 36 39 41 43 45 46 48 50 53 55 57 59 60 62 64 66 1
1 3 4 6 8 10 12 15 16 18 20 22 24 27 28 30 32 34 36 39 41 43 45 46 48 50 53 55 57 59 61 62 64 67 1
1 3 5 7 9 11 13 14 17 18 21 22 24 27 28 30 32 34 36 39 41 43 45 47 49 51 53 55 57 59 61 63 64 67 1
0 2 4 6 8 10 12 15 16 18 21 22 24 27 28 30 32 34 36 39 41 43 44 46 48 50 53 55 56 58 60 62 64 67 1
1 3 5 7 9 11 12 15 17 18 20 22 24 27 28 30 32 34 36 39 41 43 44 46 48 50 53 55 57 59 61 62 64 67 1
1 3 5 7 9 11 12 15 17 18 21 22 24 26 29 30 32 34 36 39 41 43 45 47 49 51 53 54 56 58 60 62 64 67 1
1 3 5 7 9 11 13 15 16 18 21 23 25 26 29 30 33 34 36 39 41 43 45 47 49 51 53 55 57 59 61 63 64 67 0
0 2 4 6 8 10 12 15 16 18 21 23 25 27 28 30 33 35 36 39 41 43 44 46 48 50 53 55 57 59 61 63 64 67 1
1 3 5 7 8 10 12 15 17 18 20 22 24 27 28 31 32 34 36 39 41 43 45 47 48 50 53 55 56 58 60 62 64 67 1
1 3 5 6 8 10 12 15 16 18 21 22 24 27 28 30 33 34 36 39 41 42 44 46 48 50 53 55 57 59 61 63 65 67 1
1 3 5 7 9 11 12 15 17 18 20 22 24 27 29 31 33 34 36 39 41 43 44 46 48 50 53 55 57 59 61 62 64 67 1
1 3 4 6 8 10 12 14 17 18 21 23 25 26 29 30 33 34 36 39 40 42 44 46 48 50 53 54 56 58 60 62 64 67 1
1 3 5 7 9 11 12 15 17 18 21 22 24 27 29 31 32 35 37 39 41 43 45 47 49 50 53 55 57 59 61 62 64 67 0
1 3 5 7 9 11 12 15 16 18 21 23 24 27 28 30 32 35 36 39 41 43 45 46 48 50 53 55 57 59 61 62 64 67 1
1 3 5 7 9 11 13 15 16 18 21 23 24 27 28 30 33 35 36 39 41 43 45 47 49 51 53 55 57 58 60 62 64 67 0
1 3 5 7 9 11 12 15 17 18 20 22 24 27 28 30 32 34 36 39 41 43 44 46 48 50 53 54 56 58 60 62 64 67 1
1 2 4 6 8 10 12 15 16 18 21 23 25 27 28 31 32 34 36 39 41 43 45 47 49 51 53 55 57 59 61 62 64 67 0
1 3 5 7 9 10 12 15 17 18 21 23 25 27 29 30 33 34 36 39 41 43 45 47 49 50 53 55 57 59 61 63 65 67 1
1 3 5 7 9 11 13 15 17 19 21 22 24 27 29 30 32 34 36 39 41 43 44 46 48 50 53 55 57 58 60 62 64 67 1
1 3 5 6 8 10 12 15 16 18 20 22 24 27 29 30 32 34 36 38 40 42 44 46 48 50 53 55 57 58 60 62 64 67 0
0 2 4 6 8 10 12 15 17 18 21 22 24 26 29 31 33 35 37 39 41 43 45 46 48 50 53 55 57 59 61 63 65 67 1
1 3 5 7 9 11 12 15 17 18 20 22 24 26 29 30 33 34 36 39 41 42 44 46 48 50 53 55 56 58 60 62 64 67 1
1 3 5 6 8 10 12 15 17 18 20 22 24 27 29 30 33 34 37 39 41 43 45 47 48 50 53 55 57 59 61 63 64 67 1
1 3 5 7 9 10 12 15 17 18 21 23 24 27 29 30 33 35 37 39 41 43 44 46 48 50 53 54 56 58 60 62 64 67 0
1 3 5 7 9 10 12 15 17 19 20 22 24 27 28 30 32 34 36 39 41 43 45 46 48 50 53 55 56 58 60 62 64 67 1
1 3 4 6 8 10 12 15 16 18 21 23 25 26 29 30 33 34 37 39 41 43 45 47 48 50 53 55 57 59 60 62 64 67 1
1 3 5 7 9 11 12 15 17 18 21 22 24 27 29 31 33 34 37 39 41 43 44 46 48 50 52 54 56 58 60 62 64 67 1
1 3 5 7 9 10 12 15 16 18 21 23 24 27 28 31 33 34 36 39 41 43 45 47 48 50 53 55 57 59 61 62 64 67 0
1 3 5 7 9 10 12 15 17 18 21 23 25 27 28 30 33 35 36 39 41 43 45 47 49 50 53 55 57 59 61 63 64 67 0
1 2 4 6 8 10 12 15 16 18 21 22 24 27 28 30 32 34 36 39 41 43 45 46 48 50 53 55 57 59 61 63 65 67 1
1 3 5 7 8 10 12 15 17 18 21 22 24 27 29 31 33 34 37 39 41 43 45 47 49 51 53 55 57 59 61 63 64 67 0
1 3 4 6 8 10 12 15 17 18 20 22 24 27 28 30 32 34 36 38 40 42 44 46 48 50 53 54 56 58 60 62 64 67 1
1 3 5 7 9 10 12 15 17 18 21 23 25 27 28 30 33 35 37 39 41 43 45 47 49 51 53 55 57 59 61 63 65 67 0
1 3 5 7 8 10 12 15 17 18 21 22 24 27 29 30 32 34 36 39 41 42 44 46 48 50 53 55 57 59 61 63 64 67 1
1 3 5 7 9 11 13 15 16 18 21 23 24 26 29 30 33 34 36 39 41 42 44 46 48 50 52 54 56 58 60 62 64 67 1
1 3 5 7 9 11 12 14 16 18 21 22 24 27 28 31 33 34 37 39 41 43 45 47 48 50 52 54 56 58 60 62 64 67 1
1 3 5 7 8 10 12 15 17 18 21 22 24 27 28 31 33 35 36 39 41 43 45 46 48 50 52 54 56 58 60 62 64 67 0
