@relation tumor-rm_attr_w_10p_missing-rm_inst_w_missing-weka.filters.unsupervised.attribute.Discretize-D-F-B8-M-1.0-Rfirst-last-nominal2binarysplit_minmulti.py-choose_class.py-vlung

@0:	age = <30
@1:	age = 30-59
@2:	age = >=60
@3:	sex = male
@4:	sex = female
@5:	bone = yes
@6:	bone = no
@7:	bone_marrow = yes
@8:	bone_marrow = no
@9:	lung = yes
@10:	lung = no
@11:	pleura = yes
@12:	pleura = no
@13:	peritoneum = yes
@14:	peritoneum = no
@15:	liver = yes
@16:	liver = no
@17:	brain = yes
@18:	brain = no
@19:	skin = yes
@20:	skin = no
@21:	neck = yes
@22:	neck = no
@23:	supraclavicular = yes
@24:	supraclavicular = no
@25:	axillar = yes
@26:	axillar = no
@27:	mediastinum = yes
@28:	mediastinum = no
@29:	abdominal = yes
@30:	abdominal = no
@class:	1='lung'	 0={'head_and_neck','esophagus','thyroid','stomach','duoden_and_sm_int','colon','rectum','anus','salivary_glands','pancreas','gallbladder','liver','kidney','bladder','testis','prostate','ovary','corpus_uteri','cervix_uteri','vagina','breast'}
@data

2 4 6 8 10 12 14 15 18 20 22 24 26 28 30 1
2 3 6 8 10 12 14 15 18 20 22 23 26 27 30 1
1 4 6 8 10 11 14 16 18 19 22 24 25 28 30 0
1 4 6 8 10 12 13 16 18 20 22 24 26 28 30 0
1 4 6 8 10 11 13 16 18 20 22 24 26 28 30 0
1 3 6 8 10 12 14 15 18 20 22 24 26 28 30 0
1 3 5 8 10 12 14 16 18 20 22 24 26 28 30 0
1 4 5 8 10 12 14 16 17 20 22 24 26 27 30 1
1 3 6 8 10 12 14 16 18 20 21 23 26 28 30 0
1 4 6 8 10 12 13 15 18 20 22 24 26 28 30 0
2 4 6 8 10 12 13 15 18 20 22 23 26 28 30 1
1 3 6 8 10 11 14 16 18 20 21 24 26 28 30 0
2 4 5 8 9 12 14 16 18 20 22 24 26 28 30 0
2 4 6 7 10 12 13 16 18 20 22 24 26 28 29 0
1 3 5 8 10 12 14 16 18 19 21 23 26 28 30 1
1 3 6 8 10 12 14 16 18 20 21 24 26 28 30 0
1 3 6 8 10 11 14 15 18 20 21 24 26 27 29 1
1 3 5 8 10 12 14 15 18 20 22 24 26 27 30 1
2 3 6 8 10 11 13 16 18 20 22 24 26 28 30 0
2 3 5 8 9 11 14 15 18 20 22 24 26 28 29 1
1 4 6 8 10 12 13 15 18 19 22 24 26 28 29 0
1 4 6 8 10 12 14 16 18 20 22 23 26 28 30 0
0 4 5 8 10 12 14 16 18 20 22 24 26 27 30 1
1 3 5 8 10 12 14 16 18 20 21 23 26 28 30 0
0 3 6 8 9 12 14 16 18 20 21 23 25 28 30 0
2 3 6 8 10 12 14 15 18 19 22 24 26 28 30 0
2 3 6 8 10 12 14 15 18 20 22 24 26 28 29 0
1 3 6 8 10 12 14 15 18 20 22 24 26 27 30 1
2 4 6 8 10 12 14 15 18 20 22 24 26 28 29 0
2 3 5 8 10 12 14 16 18 20 22 24 26 28 30 0
2 4 6 8 10 12 14 15 18 20 22 24 26 28 29 0
2 4 6 8 10 12 14 15 18 20 22 24 26 28 30 0
1 4 6 8 10 12 13 15 18 20 22 24 25 27 29 0
1 4 6 8 10 12 14 16 18 20 22 24 25 28 30 0
2 4 6 8 9 12 14 15 18 20 22 24 26 28 29 0
1 4 6 8 10 12 14 16 18 20 22 23 25 28 29 0
1 3 6 8 10 12 14 16 17 20 22 24 26 28 29 0
1 3 6 8 10 12 14 16 18 20 22 23 26 27 30 1
1 3 5 8 10 12 14 16 18 20 21 24 26 28 30 0
0 3 5 8 10 11 13 16 18 20 22 24 26 28 30 0
1 3 6 8 10 12 13 16 17 19 22 24 26 27 29 1
2 4 6 8 10 12 14 15 18 20 22 24 26 28 30 0
1 4 6 8 9 12 14 15 18 20 22 24 26 28 29 0
1 4 6 8 10 11 13 16 18 20 22 24 26 28 30 0
1 4 5 8 10 12 14 16 18 19 21 24 26 28 30 0
1 4 6 8 10 12 13 15 18 20 22 24 26 28 29 0
1 4 6 8 10 12 14 15 18 20 22 24 26 28 29 0
2 4 6 8 10 12 13 16 18 20 22 24 26 28 30 0
2 4 6 8 10 12 14 16 18 20 22 23 26 28 30 0
2 4 6 8 10 12 14 16 18 20 22 24 26 27 29 0
2 4 6 8 10 11 14 16 18 20 22 24 26 27 30 0
1 4 5 8 10 11 14 16 18 19 21 23 25 27 30 0
0 3 6 8 10 12 13 15 18 20 22 24 26 28 30 0
1 4 6 8 9 12 14 16 18 20 21 23 25 27 29 0
1 3 5 8 10 11 14 16 18 20 22 24 26 27 30 1
1 3 5 7 10 12 14 16 17 20 22 24 26 27 30 1
1 3 6 8 9 12 14 15 18 20 22 24 26 28 29 0
1 4 5 8 10 12 14 16 18 20 22 24 26 28 30 0
0 4 5 8 10 12 14 16 17 20 22 23 25 27 30 1
1 3 6 8 10 12 14 16 18 20 21 24 26 28 30 0
1 3 5 7 9 11 13 15 18 20 22 24 26 27 29 1
2 3 6 8 10 12 14 16 18 20 21 24 26 28 30 0
1 4 6 8 9 12 14 15 18 20 22 24 26 28 29 0
1 3 6 8 10 12 14 16 18 20 21 24 26 28 30 0
1 4 6 8 10 11 13 16 18 20 22 24 26 28 30 0
2 3 6 8 10 12 14 15 18 20 22 24 26 28 29 0
1 3 6 8 10 11 14 16 18 20 22 24 26 28 30 1
1 4 5 8 10 11 14 15 18 20 22 23 26 27 30 0
1 4 5 8 10 12 14 16 18 20 22 24 25 28 30 0
2 4 6 8 10 12 13 16 18 20 22 24 26 28 30 0
2 3 5 8 9 12 14 16 18 20 22 24 26 28 30 0
1 3 5 8 10 12 14 16 18 20 22 24 26 28 30 0
1 4 6 8 10 11 14 16 18 20 22 24 26 28 29 0
1 3 6 8 10 12 14 16 18 20 22 23 26 27 30 1
2 3 6 8 10 12 14 16 18 20 22 23 26 28 30 1
1 4 6 8 10 12 13 16 18 20 22 24 26 28 30 0
1 3 6 8 10 12 14 16 18 20 21 23 26 27 29 1
1 3 6 8 10 12 14 16 18 20 22 24 25 28 30 1
1 3 6 8 9 11 14 16 18 20 22 24 26 28 30 0
1 3 5 8 9 11 14 15 18 20 22 24 26 27 29 1
1 4 5 8 10 12 14 15 18 20 22 24 26 28 30 1
1 3 6 8 10 11 14 15 18 19 22 24 26 28 30 1
1 3 6 8 10 12 14 16 18 20 21 24 26 28 30 0
1 3 5 7 10 12 14 16 18 20 22 24 26 27 30 1
2 4 5 8 10 12 14 16 18 20 22 24 26 28 30 0
1 3 6 8 9 12 14 15 18 20 22 24 26 27 29 1
2 3 6 8 10 12 14 16 18 20 21 24 26 28 30 0
1 4 6 8 10 12 13 16 18 20 22 24 26 28 29 0
1 4 6 8 10 12 14 15 17 20 22 24 26 27 30 1
1 4 6 8 10 11 14 16 17 20 22 24 26 27 30 1
2 3 6 8 9 12 13 15 18 20 22 24 26 28 29 0
1 3 6 8 9 12 14 16 18 20 22 23 26 28 30 1
2 3 5 8 9 12 14 16 18 20 22 24 26 27 29 0
1 4 5 8 10 12 14 16 18 20 22 24 26 28 29 0
1 3 6 8 10 12 14 15 18 20 22 23 26 28 30 0
2 3 6 8 10 12 13 15 18 20 22 24 26 28 30 0
1 4 6 8 10 11 14 16 18 20 22 24 26 28 30 1
1 3 5 8 9 12 13 16 18 20 22 24 26 28 29 0
2 4 6 8 9 12 14 15 18 20 22 24 26 28 29 0
1 4 6 8 10 12 13 16 18 20 22 24 26 28 30 0
1 3 6 8 10 11 14 16 18 20 22 23 26 27 29 1
1 4 6 8 10 12 13 16 18 20 22 24 26 28 30 0
1 4 5 8 10 11 14 16 18 20 22 24 26 28 30 0
0 4 5 8 9 12 14 16 18 19 22 24 26 28 30 0
2 3 6 8 10 12 14 16 18 20 21 24 26 28 30 0
2 4 6 8 9 12 14 16 18 20 22 24 26 28 30 0
1 4 5 8 10 12 14 16 18 20 22 24 26 28 30 0
1 4 6 8 10 12 14 16 18 20 21 23 26 28 30 0
1 3 6 8 10 11 14 15 18 20 22 24 26 28 30 1
0 3 6 8 10 12 13 16 18 20 22 23 26 28 30 0
0 4 6 8 10 12 14 16 18 20 22 24 26 28 30 0
1 4 5 8 10 12 14 16 18 20 21 24 26 28 30 0
1 4 5 8 9 12 14 16 18 20 22 24 26 28 30 0
2 4 6 8 9 12 13 15 18 20 22 24 26 28 29 0
2 4 6 8 10 11 13 16 17 20 22 24 26 28 29 0
1 3 5 8 10 12 14 16 18 20 22 24 26 28 30 0
1 4 6 8 10 12 14 16 17 20 22 24 26 27 30 1
1 4 6 8 10 11 13 16 18 20 22 24 26 28 30 0
2 4 6 8 10 12 14 15 18 20 22 24 26 28 30 0
0 3 6 8 10 11 14 16 18 20 22 24 26 28 30 0
2 4 6 8 10 12 14 16 18 20 21 23 25 28 30 0
0 4 5 8 10 12 13 16 18 20 21 23 25 28 29 0
2 3 6 8 10 12 14 16 18 20 21 24 26 28 30 0
1 3 6 8 10 12 14 15 18 20 22 24 26 28 30 0
2 3 5 8 10 12 14 16 18 20 22 24 26 27 30 1
1 4 6 8 10 11 14 16 18 20 22 24 26 28 29 0
2 3 6 8 10 12 13 16 18 20 22 24 26 28 30 0
2 4 5 8 10 12 14 16 18 20 22 24 26 28 29 0
0 4 5 8 9 11 14 16 18 20 22 24 26 27 30 1
1 4 6 8 10 11 13 16 18 20 22 24 26 28 30 0
1 4 5 8 10 11 14 15 18 20 21 23 25 27 29 0
2 4 6 8 10 11 13 16 18 20 22 24 26 28 30 0
1 3 6 8 10 12 14 16 18 20 22 24 26 27 30 1
1 3 6 8 10 12 14 16 18 20 22 24 26 27 30 0
2 4 6 8 10 12 14 16 18 20 22 23 25 28 30 0
1 3 5 8 9 12 14 16 18 20 22 24 26 28 30 0
0 4 5 8 10 12 14 16 18 20 22 24 25 28 30 0
2 3 6 8 10 12 14 15 18 20 22 24 26 28 30 0
1 3 5 8 9 12 14 16 17 20 22 24 26 27 30 0
1 3 6 8 9 12 14 16 18 20 22 23 26 28 30 0
1 4 6 8 10 12 13 16 18 20 22 24 26 28 30 0
1 4 5 8 10 12 14 16 18 20 22 23 25 28 30 0
1 3 6 8 9 12 14 16 18 20 21 23 25 27 30 0
2 3 6 8 10 12 14 15 18 20 22 24 26 28 30 0
1 4 5 8 10 11 14 16 18 20 22 23 25 27 29 0
1 4 6 8 10 11 13 16 18 20 22 23 26 27 30 1
2 4 6 8 10 12 14 15 18 20 22 24 26 28 29 0
1 3 5 8 10 11 14 16 18 20 22 23 26 27 30 1
1 3 5 8 10 12 14 16 18 20 22 24 26 28 30 1
2 3 6 8 9 11 14 16 18 20 22 24 26 28 30 0
1 3 5 8 10 12 14 16 18 20 22 24 26 28 30 1
2 4 6 8 10 12 13 15 18 20 22 24 26 28 30 0
0 4 5 7 10 12 13 16 18 20 22 24 26 28 30 0
2 4 6 8 9 12 14 16 18 20 22 24 26 28 30 0
1 3 6 8 10 11 13 15 18 20 22 24 26 28 29 0
2 4 6 8 10 12 14 15 18 20 22 24 26 28 29 0
2 4 5 8 10 12 14 16 18 20 22 24 26 28 29 0
1 4 6 8 10 12 14 15 18 20 22 24 26 28 29 0
2 4 6 8 10 12 14 16 18 20 22 24 26 27 29 1
2 3 5 8 10 12 14 15 18 20 22 24 26 27 29 1
1 3 6 8 10 12 13 15 18 20 22 24 26 28 29 0
2 3 6 8 10 12 14 16 18 20 22 24 26 28 29 0
2 4 5 8 9 12 14 16 18 20 22 24 26 28 30 0
1 3 6 8 9 12 13 16 18 20 22 24 26 28 29 1
2 3 6 8 9 12 14 15 18 20 22 24 26 27 29 0
2 4 6 8 10 12 13 15 18 20 22 24 26 28 29 0
1 3 6 8 10 12 14 16 18 20 22 23 26 27 30 1
1 3 6 8 9 11 14 16 18 20 22 24 26 27 29 0
2 4 6 8 10 12 14 15 18 20 22 24 26 28 29 0
1 3 6 8 10 12 14 16 17 19 22 23 25 27 30 1
1 4 5 8 10 12 14 16 18 20 22 23 25 28 30 0
1 4 6 8 10 12 13 16 18 20 22 24 26 28 29 0
1 4 6 8 10 12 13 16 18 20 22 24 26 28 29 0
1 3 6 8 10 11 14 15 18 20 22 24 26 27 29 0
2 3 6 8 10 12 14 16 17 20 22 24 26 28 30 0
1 3 6 8 10 12 13 15 18 20 22 24 26 28 29 0
2 3 5 8 10 12 13 15 18 20 22 24 26 27 30 1
1 3 5 8 10 12 14 15 18 20 22 24 26 28 30 0
1 4 6 8 10 11 13 16 18 20 22 24 26 28 30 0
1 3 6 8 10 11 13 15 18 20 22 23 26 28 29 0
1 3 6 8 10 12 14 16 18 20 22 23 26 28 30 0
1 4 6 8 10 12 13 16 18 19 21 23 25 28 30 0
1 3 6 8 9 12 14 16 18 20 21 23 26 27 30 1
2 3 6 8 10 11 13 15 18 20 22 24 26 28 29 0
1 3 6 8 10 12 14 15 18 20 22 24 26 28 30 0
1 3 6 8 10 12 13 15 18 20 22 24 26 28 30 0
1 3 5 8 9 12 14 16 17 20 22 24 26 27 30 0
2 4 6 8 10 12 14 15 18 20 22 24 26 28 29 0
1 3 6 8 10 12 14 16 17 20 22 24 26 28 30 1
1 4 6 8 10 11 13 16 18 20 22 24 26 28 30 0
0 3 6 8 10 12 14 15 18 20 22 23 26 27 30 1
1 4 5 8 10 12 14 16 18 20 22 24 26 28 30 1
1 3 5 8 9 11 14 16 18 20 22 24 26 27 30 0
1 4 6 8 10 12 14 16 18 20 22 24 26 28 29 0
1 3 5 8 10 12 14 16 18 19 22 24 26 28 30 1
1 3 5 8 10 12 14 16 18 20 22 24 26 28 30 0
2 4 5 8 9 11 14 15 18 20 22 24 26 27 29 0
0 3 6 8 10 12 14 16 18 20 22 23 26 28 30 0
1 4 5 8 9 11 13 15 18 20 22 24 26 27 29 1
1 3 6 8 10 11 14 15 17 20 22 24 26 27 29 1
1 3 5 8 10 12 14 16 18 20 22 24 26 28 30 0
2 4 6 8 10 12 14 15 18 20 22 24 26 28 29 0
1 3 6 8 9 12 14 16 18 19 22 24 25 28 30 0
2 4 6 8 10 12 14 15 18 20 22 24 26 28 29 0
0 3 6 8 10 12 14 16 18 20 22 23 26 28 30 0
2 4 6 8 9 12 14 15 18 20 22 24 26 27 29 0
1 4 6 8 9 12 14 16 18 20 22 24 26 28 30 0
1 3 5 8 10 12 14 16 18 20 22 24 26 28 30 0
0 3 5 7 9 12 14 15 17 20 22 24 25 27 29 0
0 3 5 8 10 12 14 16 18 20 22 24 26 28 30 0
1 3 5 8 10 12 14 16 18 20 22 24 26 28 29 0
2 3 6 8 9 12 14 15 18 20 22 24 26 28 29 0
1 3 5 8 10 12 14 16 18 20 22 24 26 27 30 1
2 3 6 8 10 12 14 16 18 20 22 24 26 28 29 1
1 4 5 8 10 12 14 16 18 20 22 24 26 28 30 0
2 3 6 8 10 11 13 16 18 20 22 24 26 27 29 1
2 4 5 8 10 11 14 15 18 20 22 24 26 28 30 1
1 3 5 8 10 12 13 16 17 20 22 24 26 27 29 1
0 3 6 8 10 12 13 15 18 19 22 24 26 28 29 0
1 4 6 8 9 11 13 15 18 19 22 24 26 27 29 1
1 4 6 8 10 11 14 16 18 20 22 24 26 28 30 0
2 4 5 8 10 11 14 16 18 20 22 24 26 28 30 1
0 4 5 8 10 12 14 16 18 20 22 23 26 28 29 0
1 4 6 8 9 11 13 16 18 20 22 24 26 28 29 0
2 4 6 8 10 12 14 15 18 20 22 24 26 28 29 0
1 4 5 8 9 12 14 16 18 20 22 24 26 27 30 0
1 4 6 8 10 12 14 16 18 20 22 24 25 28 30 0
1 4 6 8 9 11 13 16 18 20 22 23 26 28 30 0
0 4 5 8 9 11 14 16 18 20 22 24 26 27 30 1
1 4 6 8 10 11 13 16 18 20 22 24 26 28 30 0
1 4 6 8 10 12 14 16 18 20 22 24 25 28 30 0
1 3 6 8 10 12 14 16 18 20 21 24 26 28 30 0
1 4 5 8 9 12 14 16 18 20 22 24 26 28 30 0
2 4 6 8 10 12 14 15 18 20 22 24 26 27 29 0
1 3 5 8 10 11 13 16 18 20 21 23 26 28 30 0
2 4 6 8 9 11 13 15 18 20 22 24 26 27 29 0
2 4 6 8 10 12 14 15 18 20 22 24 26 27 29 1
1 3 6 8 10 12 13 15 18 20 22 24 26 28 30 0
2 4 6 8 9 12 14 16 18 20 22 24 26 28 30 0
1 4 6 8 10 12 14 16 18 20 22 24 25 28 30 0
1 3 6 8 9 12 14 16 18 20 21 24 26 28 30 0
2 4 6 8 10 12 14 16 18 20 22 24 26 28 29 0
2 4 6 8 9 12 14 15 17 20 22 23 26 27 30 1
2 4 6 8 10 12 14 16 18 20 22 24 26 27 29 0
2 4 6 8 9 11 14 15 18 20 22 24 26 27 29 0
1 4 6 8 9 11 13 16 18 20 22 24 26 28 30 0
1 3 6 8 10 12 13 16 18 20 22 24 26 28 30 0
1 3 6 8 10 12 14 16 18 20 21 24 26 28 30 0
1 3 5 8 10 12 14 16 18 20 22 24 26 28 30 0
1 4 6 8 10 11 14 16 18 20 22 24 26 28 30 0
1 4 6 8 10 12 14 16 18 20 21 23 26 28 30 0
1 3 6 8 9 11 14 16 18 20 22 24 26 27 29 0
2 3 6 8 10 12 14 16 18 20 21 24 26 28 30 0
1 4 6 8 10 12 14 16 17 20 22 24 26 28 30 0
0 3 6 8 9 12 14 16 18 20 22 24 26 28 30 1
2 3 6 8 9 12 14 16 18 20 22 23 26 28 30 0
2 4 6 8 10 12 13 15 18 20 22 24 26 28 30 0
1 4 6 8 10 11 13 15 18 20 22 24 26 28 29 0
2 3 6 8 9 12 14 15 18 20 22 24 26 27 29 0
2 4 6 8 10 11 14 15 18 20 22 23 26 27 30 1
1 3 5 8 10 12 14 16 18 19 22 24 26 28 30 1
1 4 6 8 10 12 13 16 18 20 22 24 26 28 30 0
1 4 6 8 10 12 13 15 18 20 22 24 26 27 29 0
2 4 6 8 9 12 14 15 18 20 22 24 26 27 29 0
1 4 6 8 10 12 13 16 18 20 22 24 26 28 30 0
2 3 6 8 10 12 13 16 18 20 22 24 26 28 29 0
1 3 6 8 10 12 13 15 18 20 22 24 26 27 30 1
1 3 5 8 9 12 14 16 18 20 22 24 26 28 30 0
1 4 6 8 10 12 14 15 18 20 22 23 26 27 30 1
2 4 6 8 10 12 14 15 18 20 22 24 26 28 30 0
2 4 6 8 10 12 14 15 18 20 22 24 26 28 30 0
1 3 6 8 10 12 14 15 18 20 22 24 26 28 29 0
2 3 6 8 10 12 13 15 18 20 22 24 26 28 29 0
1 3 5 8 10 12 14 16 18 20 22 24 26 28 30 1
0 3 6 8 10 12 14 16 18 20 21 24 26 28 30 0
2 3 6 8 10 11 13 15 18 20 22 24 26 28 29 0
1 4 6 8 10 11 13 16 18 20 22 23 26 28 30 0
1 4 6 8 9 12 14 16 18 20 22 24 26 27 29 0
1 4 6 8 10 12 13 16 18 20 22 24 26 28 29 0
1 3 6 8 10 12 14 16 18 20 21 24 26 28 30 1
1 4 6 8 10 12 14 16 18 20 22 24 25 28 30 0
2 4 6 8 10 11 13 16 18 20 22 24 26 28 29 0
2 4 6 8 10 12 14 16 18 20 22 24 26 27 30 1
1 3 6 8 10 12 14 16 18 20 22 24 26 28 29 0
1 4 6 8 10 12 14 16 18 20 22 24 25 28 30 0
1 4 6 8 10 12 13 15 18 20 22 23 26 27 29 0
1 4 5 7 10 12 13 15 18 20 22 24 25 28 30 0
2 4 6 8 9 12 14 16 18 20 22 24 26 28 30 0
2 4 5 8 9 12 14 16 18 20 22 23 26 28 30 1
1 3 5 8 10 12 14 16 18 20 22 24 26 28 30 0
2 3 6 8 10 12 14 16 17 20 22 24 26 27 29 1
1 4 6 8 9 12 13 15 18 20 22 24 26 28 29 0
1 3 5 8 10 12 14 16 18 20 22 24 26 28 30 0
2 4 6 8 10 11 13 16 18 20 22 24 26 28 30 1
1 3 6 8 9 12 14 15 18 20 22 23 25 27 30 1
1 4 6 8 9 12 14 15 18 20 22 24 26 27 29 0
1 4 6 8 10 12 14 16 18 20 22 24 25 28 30 0
1 3 5 8 10 12 14 16 18 20 22 24 26 28 30 0
1 4 6 8 10 12 13 16 18 19 22 24 26 28 30 0
1 3 6 8 10 12 14 15 18 20 22 24 26 28 30 0
1 3 6 8 10 11 13 16 18 20 22 24 26 27 29 1
1 4 5 8 10 12 14 16 18 19 22 24 26 28 30 1
1 4 6 8 10 12 14 16 18 20 21 24 26 28 30 0
2 3 6 8 10 12 14 16 18 20 21 24 26 28 30 0
1 4 6 8 10 12 13 15 18 20 22 24 26 28 30 0
1 3 6 8 9 11 14 16 18 20 22 24 26 27 29 0
1 3 5 8 10 12 14 16 18 20 22 24 26 28 30 0
1 3 6 8 10 12 14 16 18 19 22 24 26 28 30 1
1 4 6 8 10 12 14 15 18 20 22 24 26 28 30 0
1 3 6 8 9 12 14 16 18 20 21 23 25 27 30 0
2 3 6 8 10 12 14 16 18 20 21 23 26 28 30 0
2 4 6 8 10 12 14 16 18 20 22 24 26 28 29 0
1 4 5 8 9 12 13 15 18 20 22 24 26 28 29 0
1 4 6 8 10 12 14 16 18 20 22 23 26 28 30 1
2 3 6 8 10 12 14 16 18 20 21 24 26 28 30 0
2 4 6 8 9 12 14 16 18 20 22 24 26 27 29 0
1 4 6 8 9 12 13 15 18 20 22 24 26 27 30 1
2 4 6 8 10 12 14 16 18 20 22 24 26 28 29 0
2 4 6 8 10 12 13 16 18 20 22 24 26 28 30 0
1 4 6 8 10 12 13 15 18 20 22 24 26 28 29 0
1 3 6 8 10 12 13 16 18 20 22 24 26 28 30 0
1 4 6 8 10 12 14 16 18 20 22 23 26 28 30 0
2 4 6 8 10 12 14 15 18 20 22 24 26 28 29 0
1 3 6 8 9 12 13 15 18 20 22 24 26 27 29 0
2 3 6 8 10 12 14 15 18 20 22 24 26 27 29 1
2 3 6 8 10 11 13 16 18 20 21 24 26 27 29 0
1 3 5 8 10 12 14 16 18 20 22 24 26 27 30 0
2 4 6 8 9 11 13 16 18 20 22 24 26 28 29 0
1 3 6 8 10 12 14 16 18 20 21 24 26 28 30 0
1 4 6 8 10 12 13 16 18 20 22 24 26 28 29 0
1 3 5 8 10 12 14 16 18 20 21 23 26 27 30 0
1 4 6 8 10 12 13 16 18 20 22 24 26 28 30 0
1 3 5 8 10 12 14 16 18 19 22 24 25 28 30 1
1 4 6 8 10 11 13 16 18 20 22 24 26 28 30 0
1 4 5 8 9 11 13 15 17 20 22 24 26 28 29 0
1 4 6 8 10 11 13 16 18 20 22 24 26 28 30 0
